146515.43914 4161596.3011 6190501.5677 203094.06155 67436.251235 # 1983 1
12881780.764 476098.16178 877011.77054 103988.02073 297.75522381 # 1983 2
1670.3704668 10284117.548 912262.78345 1154155.8588 38187.476949 # 1984 1
0 3845869.9303 185683.95259 192906.4885 10233.108054 # 1984 2
829903.86313 1406221.3686 5479045.6718 471950.06076 108960.66388 # 1985 1
1794941.9916 386690.49341 759814.58613 380808.53116 49142.704879 # 1985 2
4773.1785883 24479249.909 3144241.107 436340.98075 5610.3076618 # 1986 1
1443434.3238 3495194.4216 208243.62194 94655.08054 7069.6740652 # 1986 2
0 830526.77032 2620764.2326 130519.56433 20032.152989 # 1987 1
45065.611804 511590.88111 591020.86904 17139.706234 4459.82152 # 1987 2
399959.94083 1030015.8292 3378849.5978 3163006.3517 477608.01946 # 1988 1
5601699.3159 544633.23904 225701.26271 775207.16641 30862.866486 # 1988 2
1237283.078 23364418.812 1666141.2349 937733.76826 908543.24523 # 1989 1
2819159.2879 3808698.3449 273462.40486 9534.6555836 33507.503908 # 1989 2
0 7328401.5315 3963811.6949 586546.09142 177265.43742 # 1990 1
5045637.9621 853805.65667 196099.44488 29227.581073 8610.0440073 # 1990 2
0 14202780.633 2099460.5056 450618.37669 156480.49102 # 1991 1
10053102.843 3627837.495 110290.79323 35082.544464 1465.3040945 # 1991 2
117487.19691 12015603.53 4065910.4975 475464.60903 297926.59262 # 1992 1
6829610.6472 886417.35093 85057.826596 33724.642966 7303.4258653 # 1992 2
7834592.0608 6341272.3688 872842.23947 467165.7161 220005.37381 # 1993 1
18579003.23 548207.18048 440030.3657 152528.44499 35418.159891 # 1993 2
0 35122873.006 3616216.1944 158026.13995 53517.405093 # 1994 1
0 5884859.4744 683254.88377 216658.64734 71424.495721 # 1994 2
900594.58283 4229978.5119 1380893.6086 200996.63534 65670.559827 # 1995 1
1000020.9397 1668792.6869 1645546.8659 200633.34067 143195.22406 # 1995 2
4447339.05 4614385.2001 708417.4305 420125.86612 106980.17356 # 1996 1
28160307.89 6456735.6513 257626.80021 156460.86183 38534.809579 # 1996 2
43152.859776 37584393.151 1380577.8585 387430.59567 54949.688794 # 1997 1
29382.333311 8808506.8936 207232.2323 124699.36152 37700.869971 # 1997 2
1920303.1455 849946.67819 4804911.1379 201318.67863 115183.18637 # 1998 1
1081118.4659 42299.458118 1493087.4334 91495.704204 75992.307988 # 1998 2
735865.6633 1343472.5913 104372.88881 705664.15566 117895.85841 # 1999 1
6816716.6296 682245.90114 100364.66381 483625.45556 80949.262579 # 1999 2
0 8295892.9491 429594.16126 255222.54891 582941.68284 # 2000 1
0 1042609.4081 179465.43435 108190.34306 166533.51027 # 2000 2
2273021.841 4437560.8125 734725.08045 81734.540298 310277.66805 # 2001 1
7117043.2201 2691113.7185 558858.55018 72626.593236 229005.2126 # 2001 2
14614.867377 17190211.455 249708.15646 141699.82737 58258.583524 # 2002 1
3190.1883032 1414858.0212 194661.95868 50838.540585 30505.111592 # 2002 2
558809.93024 296948.51501 1688950.0033 96300.816879 58833.634163 # 2003 1
6843184.6333 220634.48629 487751.03037 39283.120978 14776.578859 # 2003 2
1282506.269 10301332.788 670830.21646 453534.10127 169517.0523 # 2004 1
741424.75433 1921280.7542 198044.98786 251716.66055 50912.226202 # 2004 2
25515.241956 1896252.2364 639550.13812 65703.131695 165355.2862 # 2005 1
2117.3162445 514389.87174 317386.5887 31287.841447 89848.720477 # 2005 2
0 2248617.3613 290880.85734 96321.431282 27631.886274 # 2006 1
0.0173435051 1122988.2909 105442.1269 45793.07578 17825.018874 # 2006 2
31643.588051 4960915.3486 302290.71845 39838.669713 5059.3587212 # 2007 1
0.3090561128 49.562000271 7.7721927267 0.5388916033 0.2124171378 # 2007 2
36615.53515 3657736.4764 479463.6462 50356.595871 16206.908567 # 2008 1
3.3443406826 247006.17178 50715.401894 7056.3873934 1376.0771419 # 2008 2
482082.60421 3127631.8715 336702.13632 14105.145418 4611.0132024 # 2009 1
271310.59408 1949878.1118 23558.372907 3034.9425416 2328.1542462 # 2009 2
0 7163602.5561 85413.87281 89741.347456 15314.965524 # 2010 1
776.60055478 1247256.4001 39585.475341 26496.067549 4546.4700491 # 2010 2
0 548358.01846 1350571.232 226104.95872 45881.686655 # 2011 1
0 2916.2700281 14262.06308 2643.8370887 528.52428338 # 2011 2
8254.5231732 290564.52168 314700.69174 307526.72399 41396.701784 # 2012 1
5426.1766431 11561.263407 81210.676524 1300.8773124 20.999604197 # 2012 2
0 4501365.027 1045410.4196 319991.38986 77422.260748 # 2013 1
0 371996.74691 38405.824132 15011.004076 2927.1938947 # 2013 2
39480.85622 5542903.5059 2977921.3783 317802.58058 81453.444474 # 2014 1
190710.60756 38024.073563 33930.720199 15695.12334 33982.198211 # 2014 2
0 2146447.3507 853153.61813 654831.79888 227746.20184 # 2015 1
0.4792082439 10349.393756 20313.413194 17348.05335 6715.0487162 # 2015 2
2451425.8631 310074.62016 144499.92127 102772.15684 62684.503286 # 2016 1
24267.84809 3531.335523 154.3356109 72.224712411 21.898792691 # 2016 2
0 22369373.631 233039.68996 82426.217239 13297.923315 # 2017 1
8.0267599146 1269416.8793 4891.5730469 23520.090302 1370.3045403 # 2017 2
187.6185724 53307.606587 1995638.3789 57263.607248 12289.26376 # 2018 1
16.214537789 93.327407553 19377.898011 2005.6252282 262.82537904 # 2018 2
11894.838164 206486.00897 50240.766751 171072.55767 3638.7658817 # 2019 1
23.37288944 62.913204873 43.041507436 113.18693702 1.8224252034 # 2019 2
408173.55113 7526051.6745 425912.15534 179694.06665 349258.01415 # 2020 1
3942.0712953 14533.14834 1502.5420903 653.4983881 2934.5110425 # 2020 2
50.960100492 605846.48258 95648.67059 2527.1896312 2649.1751787 # 2021 1
151.2345971 160.48632664 116.46721941 16.156125462 39.37999044 # 2021 2
160052.84238 5925366.037 1016358.7189 458927.13112 277736.37845 # 2022 1
7.7887567517 11.235424425 4.1578958632 2.3522306416 0.7076049223 # 2022 2
0 4196480.7009 1033846.7535 176584.0023 163894.09025 # 2023 1
0.0243129653 55809.135951 44245.620478 8396.7093216 8671.2140663 # 2023 2
946316.70331 268012.79771 1200493.6918 546874.70822 180194.02543 # 2024 1
145972.48813 19245.26367 24660.14016 4881.0429953 2255.0087472 # 2024 2
