2776.90463802129 # 1983 1
2352.88016678397 # 1984 1
2499.40694815146 # 1985 1
3890.5183231111 # 1986 1
757.463945725443 # 1987 1
2742.70948532155 # 1988 1
4655.18065645397 # 1989 1
3521.50786214924 # 1990 1
3337.11702505182 # 1991 1
3415.91208408409 # 1992 1
2486.77902823347 # 1993 1
3024.32470314495 # 1994 1
1544.03214364447 # 1995 1
1592.57916181946 # 1996 1
3247.13154392997 # 1997 1
1644.78934482431 # 1998 1
771.43959699267 # 1999 1
1987.50726036165 # 2000 1
1349.64643953343 # 2001 1
2386.97393058056 # 2002 1
1026.41132447502 # 2003 1
3154.68140048795 # 2004 1
837.757616466845 # 2005 1
733.763979946195 # 2006 1
863.280038769296 # 2007 1
707.979448654138 # 2008 1
537.787312898003 # 2009 1
889.075845645436 # 2010 1
554.314466697782 # 2011 1
402.954852514859 # 2012 1
1520.3901206349 # 2013 1
1434.36019177618 # 2014 1
1362.00587537304 # 2015 1
418.022005741463 # 2016 1
2207.18580177409 # 2017 1
586.927033112955 # 2018 1
168.233745839675 # 2019 1
1529.98699243002 # 2020 1
241.574757252639 # 2021 1
1692.77904727128 # 2022 1
1083.20920091022 # 2023 1
1116.48459703785 # 2024 1
1513.01979600175 # 1983 2
1441.29278704556 # 1984 2
985.362855019945 # 1985 2
1158.7167308671 # 1986 2
365.656018258639 # 1987 2
1244.07836816767 # 1988 2
1647.24834756107 # 1989 2
872.328974173882 # 1990 2
1456.932787576 # 1991 2
1064.15506382944 # 1992 2
1719.25868615989 # 1993 2
1102.1669430432 # 1994 2
974.795063415967 # 1995 2
2918.60543063847 # 1996 2
1837.49365501827 # 1997 2
1059.26365086559 # 1998 2
1202.61176214916 # 1999 2
602.00074448863 # 2000 2
1131.70365825016 # 2001 2
662.606316159316 # 2002 2
1315.93789011731 # 2003 2
1036.03118264444 # 2004 2
332.813114334848 # 2005 2
409.95887225124 # 2006 2
0 # 2007 2
102.352279007679 # 2008 2
172.493064238348 # 2009 2
177.699002056129 # 2010 2
9.71052563876664 # 2011 2
21.8880263719797 # 2012 2
159.81226111917 # 2013 2
77.541363674157 # 2014 2
24.4849058810788 # 2015 2
13.1123846837219 # 2016 2
289.541519429841 # 2017 2
5.6833226933143 # 2018 2
0 # 2019 2
75.8195407538972 # 2020 2
17.7962166950633 # 2021 2
0 # 2022 2
48.6051233522591 # 2023 2
78.5562582560092 # 2024 2
