1e-05 20570.2058600026 3615.19963276158 # 2004
1e-05 31471.2384463701 3973.17513955282 # 2005
1e-05 107256.444970963 3189.78733571235 # 2006
1e-05 72093.1625472143 13107.3255577397 # 2007
1e-05 16930.6377555425 2290.10944408813 # 2008
1e-05 40718.890497543 2215.05763216482 # 2009
1e-05 6992.15897842642 14934.6423324421 # 2010
1e-05 12278.2931858202 2825.64415960695 # 2011
1e-05 40163.4160993949 1368.46693505214 # 2012
1e-05 33330.3472826036 13121.5373256821 # 2013
1e-05 44581.516036587 7532.62418186084 # 2014
1e-05 3313.99735930512 1524.29666760277 # 2015
1e-05 240006.571413556 869.967287426749 # 2016
1e-05 4021.40739765691 26793.6997815736 # 2017
1e-05 15375.6195986094 2286.74367154967 # 2018
1e-05 126206.553049819 5043.37979596867 # 2019
1e-05 51843.0954519422 7236.16831657068 # 2020
1e-05 195797.527550203 4724.42843420381 # 2021
1e-05 109593.756854855 20493.3519122661 # 2022
1e-05 4580.29455262917 19795.2108907782 # 2023
1e-05 68243.4448869779 1010.85002031907 # 2024
