0 0.515965295121951 0.455164479268293 0.368813152439024 0.318566846341463 # 1983
0.79911606 0.60692239 0.459489715 0.38261869125 0.36213493625 # 1983
0 0.515965295121951 0.455164479268293 0.368813152439024 0.318566846341463 # 1984
0.79911606 0.60692239 0.459489715 0.38261869125 0.36213493625 # 1984
0 0.515965295121951 0.455164479268293 0.368813152439024 0.318566846341463 # 1985
0.79911606 0.60692239 0.459489715 0.38261869125 0.36213493625 # 1985
0 0.515965295121951 0.455164479268293 0.368813152439024 0.318566846341463 # 1986
0.79911606 0.60692239 0.459489715 0.38261869125 0.36213493625 # 1986
0 0.515965295121951 0.455164479268293 0.368813152439024 0.318566846341463 # 1987
0.79911606 0.60692239 0.459489715 0.38261869125 0.36213493625 # 1987
0 0.515965295121951 0.455164479268293 0.368813152439024 0.318566846341463 # 1988
0.79911606 0.60692239 0.459489715 0.38261869125 0.36213493625 # 1988
0 0.515965295121951 0.455164479268293 0.368813152439024 0.318566846341463 # 1989
0.79911606 0.60692239 0.459489715 0.38261869125 0.36213493625 # 1989
0 0.515965295121951 0.455164479268293 0.368813152439024 0.318566846341463 # 1990
0.79911606 0.60692239 0.459489715 0.38261869125 0.36213493625 # 1990
0 0.515965295121951 0.455164479268293 0.368813152439024 0.318566846341463 # 1991
0.79911606 0.60692239 0.459489715 0.38261869125 0.36213493625 # 1991
0 0.515965295121951 0.455164479268293 0.368813152439024 0.318566846341463 # 1992
0.79911606 0.60692239 0.459489715 0.38261869125 0.36213493625 # 1992
0 0.515965295121951 0.455164479268293 0.368813152439024 0.318566846341463 # 1993
0.79911606 0.60692239 0.459489715 0.38261869125 0.36213493625 # 1993
0 0.515965295121951 0.455164479268293 0.368813152439024 0.318566846341463 # 1994
0.79911606 0.60692239 0.459489715 0.38261869125 0.36213493625 # 1994
0 0.515965295121951 0.455164479268293 0.368813152439024 0.318566846341463 # 1995
0.79911606 0.60692239 0.459489715 0.38261869125 0.36213493625 # 1995
0 0.515965295121951 0.455164479268293 0.368813152439024 0.318566846341463 # 1996
0.79911606 0.60692239 0.459489715 0.38261869125 0.36213493625 # 1996
0 0.515965295121951 0.455164479268293 0.368813152439024 0.318566846341463 # 1997
0.79911606 0.60692239 0.459489715 0.38261869125 0.36213493625 # 1997
0 0.515965295121951 0.455164479268293 0.368813152439024 0.318566846341463 # 1998
0.79911606 0.60692239 0.459489715 0.38261869125 0.36213493625 # 1998
0 0.515965295121951 0.455164479268293 0.368813152439024 0.318566846341463 # 1999
0.79911606 0.60692239 0.459489715 0.38261869125 0.36213493625 # 1999
0 0.515965295121951 0.455164479268293 0.368813152439024 0.318566846341463 # 2000
0.79911606 0.60692239 0.459489715 0.38261869125 0.36213493625 # 2000
0 0.515965295121951 0.455164479268293 0.368813152439024 0.318566846341463 # 2001
0.79911606 0.60692239 0.459489715 0.38261869125 0.36213493625 # 2001
0 0.515965295121951 0.455164479268293 0.368813152439024 0.318566846341463 # 2002
0.79911606 0.60692239 0.459489715 0.38261869125 0.36213493625 # 2002
0 0.515965295121951 0.455164479268293 0.368813152439024 0.318566846341463 # 2003
0.79911606 0.60692239 0.459489715 0.38261869125 0.36213493625 # 2003
0 0.515965295121951 0.455164479268293 0.368813152439024 0.318566846341463 # 2004
0.79911606 0.60692239 0.459489715 0.38261869125 0.36213493625 # 2004
0 0.515965295121951 0.455164479268293 0.368813152439024 0.318566846341463 # 2005
0.79911606 0.60692239 0.459489715 0.38261869125 0.36213493625 # 2005
0 0.515965295121951 0.455164479268293 0.368813152439024 0.318566846341463 # 2006
0.79911606 0.60692239 0.459489715 0.38261869125 0.36213493625 # 2006
0 0.515965295121951 0.455164479268293 0.368813152439024 0.318566846341463 # 2007
0.79911606 0.60692239 0.459489715 0.38261869125 0.36213493625 # 2007
0 0.515965295121951 0.455164479268293 0.368813152439024 0.318566846341463 # 2008
0.79911606 0.60692239 0.459489715 0.38261869125 0.36213493625 # 2008
0 0.515965295121951 0.455164479268293 0.368813152439024 0.318566846341463 # 2009
0.79911606 0.60692239 0.459489715 0.38261869125 0.36213493625 # 2009
0 0.515965295121951 0.455164479268293 0.368813152439024 0.318566846341463 # 2010
0.79911606 0.60692239 0.459489715 0.38261869125 0.36213493625 # 2010
0 0.515965295121951 0.455164479268293 0.368813152439024 0.318566846341463 # 2011
0.79911606 0.60692239 0.459489715 0.38261869125 0.36213493625 # 2011
0 0.515965295121951 0.455164479268293 0.368813152439024 0.318566846341463 # 2012
0.79911606 0.60692239 0.459489715 0.38261869125 0.36213493625 # 2012
0 0.515965295121951 0.455164479268293 0.368813152439024 0.318566846341463 # 2013
0.79911606 0.60692239 0.459489715 0.38261869125 0.36213493625 # 2013
0 0.515965295121951 0.455164479268293 0.368813152439024 0.318566846341463 # 2014
0.79911606 0.60692239 0.459489715 0.38261869125 0.36213493625 # 2014
0 0.515965295121951 0.455164479268293 0.368813152439024 0.318566846341463 # 2015
0.79911606 0.60692239 0.459489715 0.38261869125 0.36213493625 # 2015
0 0.515965295121951 0.455164479268293 0.368813152439024 0.318566846341463 # 2016
0.79911606 0.60692239 0.459489715 0.38261869125 0.36213493625 # 2016
0 0.515965295121951 0.455164479268293 0.368813152439024 0.318566846341463 # 2017
0.79911606 0.60692239 0.459489715 0.38261869125 0.36213493625 # 2017
0 0.515965295121951 0.455164479268293 0.368813152439024 0.318566846341463 # 2018
0.79911606 0.60692239 0.459489715 0.38261869125 0.36213493625 # 2018
0 0.515965295121951 0.455164479268293 0.368813152439024 0.318566846341463 # 2019
0.79911606 0.60692239 0.459489715 0.38261869125 0.36213493625 # 2019
0 0.515965295121951 0.455164479268293 0.368813152439024 0.318566846341463 # 2020
0.79911606 0.60692239 0.459489715 0.38261869125 0.36213493625 # 2020
0 0.515965295121951 0.455164479268293 0.368813152439024 0.318566846341463 # 2021
0.79911606 0.60692239 0.459489715 0.38261869125 0.36213493625 # 2021
0 0.515965295121951 0.455164479268293 0.368813152439024 0.318566846341463 # 2022
0.79911606 0.60692239 0.459489715 0.38261869125 0.36213493625 # 2022
0 0.515965295121951 0.455164479268293 0.368813152439024 0.318566846341463 # 2023
0.79911606 0.60692239 0.459489715 0.38261869125 0.36213493625 # 2023
0 0.515965295121951 0.455164479268293 0.368813152439024 0.318566846341463 # 2024
0.79911606 0.60692239 0.459489715 0.38261869125 0.36213493625 # 2024
0 0.515965295121951 0.455164479268293 0.368813152439024 0.318566846341463 # 2025
0.79911606 0.60692239 0.459489715 0.38261869125 0.36213493625 # 2025
