0 0.0502642203142421 0.776437566548934 0.952302703553607 0.996698550807323 # 1983 1
0 0.0502642203142421 0.776437566548934 0.952302703553607 0.996698550807323 # 1983 2
0 0.0502642203142421 0.776437566548934 0.952302703553607 0.996698550807323 # 1984 1
0 0.0502642203142421 0.776437566548934 0.952302703553607 0.996698550807323 # 1984 2
0 0.0502642203142421 0.776437566548934 0.952302703553607 0.996698550807323 # 1985 1
0 0.0502642203142421 0.776437566548934 0.952302703553607 0.996698550807323 # 1985 2
0 0.0502642203142421 0.776437566548934 0.952302703553607 0.996698550807323 # 1986 1
0 0.0502642203142421 0.776437566548934 0.952302703553607 0.996698550807323 # 1986 2
0 0.0502642203142421 0.776437566548934 0.952302703553607 0.996698550807323 # 1987 1
0 0.0502642203142421 0.776437566548934 0.952302703553607 0.996698550807323 # 1987 2
0 0.0502642203142421 0.776437566548934 0.952302703553607 0.996698550807323 # 1988 1
0 0.0502642203142421 0.776437566548934 0.952302703553607 0.996698550807323 # 1988 2
0 0.0502642203142421 0.776437566548934 0.952302703553607 0.996698550807323 # 1989 1
0 0.0502642203142421 0.776437566548934 0.952302703553607 0.996698550807323 # 1989 2
0 0.0502642203142421 0.776437566548934 0.952302703553607 0.996698550807323 # 1990 1
0 0.0502642203142421 0.776437566548934 0.952302703553607 0.996698550807323 # 1990 2
0 0.0502642203142421 0.776437566548934 0.952302703553607 0.996698550807323 # 1991 1
0 0.0502642203142421 0.776437566548934 0.952302703553607 0.996698550807323 # 1991 2
0 0.0502642203142421 0.776437566548934 0.952302703553607 0.996698550807323 # 1992 1
0 0.0502642203142421 0.776437566548934 0.952302703553607 0.996698550807323 # 1992 2
0 0.0502642203142421 0.776437566548934 0.952302703553607 0.996698550807323 # 1993 1
0 0.0502642203142421 0.776437566548934 0.952302703553607 0.996698550807323 # 1993 2
0 0.0502642203142421 0.776437566548934 0.952302703553607 0.996698550807323 # 1994 1
0 0.0502642203142421 0.776437566548934 0.952302703553607 0.996698550807323 # 1994 2
0 0.0502642203142421 0.776437566548934 0.952302703553607 0.996698550807323 # 1995 1
0 0.0502642203142421 0.776437566548934 0.952302703553607 0.996698550807323 # 1995 2
0 0.0502642203142421 0.776437566548934 0.952302703553607 0.996698550807323 # 1996 1
0 0.0502642203142421 0.776437566548934 0.952302703553607 0.996698550807323 # 1996 2
0 0.0502642203142421 0.776437566548934 0.952302703553607 0.996698550807323 # 1997 1
0 0.0502642203142421 0.776437566548934 0.952302703553607 0.996698550807323 # 1997 2
0 0.0502642203142421 0.776437566548934 0.952302703553607 0.996698550807323 # 1998 1
0 0.0502642203142421 0.776437566548934 0.952302703553607 0.996698550807323 # 1998 2
0 0.0502642203142421 0.776437566548934 0.952302703553607 0.996698550807323 # 1999 1
0 0.0502642203142421 0.776437566548934 0.952302703553607 0.996698550807323 # 1999 2
0 0.0502642203142421 0.776437566548934 0.952302703553607 0.996698550807323 # 2000 1
0 0.0502642203142421 0.776437566548934 0.952302703553607 0.996698550807323 # 2000 2
0 0.0502642203142421 0.776437566548934 0.952302703553607 0.996698550807323 # 2001 1
0 0.0502642203142421 0.776437566548934 0.952302703553607 0.996698550807323 # 2001 2
0 0.0502642203142421 0.776437566548934 0.952302703553607 0.996698550807323 # 2002 1
0 0.0502642203142421 0.776437566548934 0.952302703553607 0.996698550807323 # 2002 2
0 0.0502642203142421 0.776437566548934 0.952302703553607 0.996698550807323 # 2003 1
0 0.0502642203142421 0.776437566548934 0.952302703553607 0.996698550807323 # 2003 2
0 0.0502642203142421 0.776437566548934 0.952302703553607 0.996698550807323 # 2004 1
0 0.0502642203142421 0.776437566548934 0.952302703553607 0.996698550807323 # 2004 2
0 0.0502642203142421 0.776437566548934 0.952302703553607 0.996698550807323 # 2005 1
0 0.0502642203142421 0.776437566548934 0.952302703553607 0.996698550807323 # 2005 2
0 0.0502642203142421 0.776437566548934 0.952302703553607 0.996698550807323 # 2006 1
0 0.0502642203142421 0.776437566548934 0.952302703553607 0.996698550807323 # 2006 2
0 0.0502642203142421 0.776437566548934 0.952302703553607 0.996698550807323 # 2007 1
0 0.0502642203142421 0.776437566548934 0.952302703553607 0.996698550807323 # 2007 2
0 0.0502642203142421 0.776437566548934 0.952302703553607 0.996698550807323 # 2008 1
0 0.0502642203142421 0.776437566548934 0.952302703553607 0.996698550807323 # 2008 2
0 0.0502642203142421 0.776437566548934 0.952302703553607 0.996698550807323 # 2009 1
0 0.0502642203142421 0.776437566548934 0.952302703553607 0.996698550807323 # 2009 2
0 0.0339760327984789 0.780459498906628 0.952302703553607 0.996698550807323 # 2010 1
0 0.0339760327984789 0.780459498906628 0.952302703553607 0.996698550807323 # 2010 2
0 0.0268600178915632 0.790885035461649 0.952302703553607 0.996698550807323 # 2011 1
0 0.0268600178915632 0.790885035461649 0.952302703553607 0.996698550807323 # 2011 2
0 0.032897582151214 0.781049274663605 0.952302703553607 0.996698550807323 # 2012 1
0 0.032897582151214 0.781049274663605 0.952302703553607 0.996698550807323 # 2012 2
0 0.0267801269411573 0.681620211507091 0.951719903967987 0.996698550807323 # 2013 1
0 0.0267801269411573 0.681620211507091 0.951719903967987 0.996698550807323 # 2013 2
0 0.0288948281692008 0.671455287476986 0.993150385615379 0.997295123085218 # 2014 1
0 0.0288948281692008 0.671455287476986 0.993150385615379 0.997295123085218 # 2014 2
0 0.0138795883873392 0.772553519695333 0.992512330730364 0.998030707276126 # 2015 1
0 0.0138795883873392 0.772553519695333 0.992512330730364 0.998030707276126 # 2015 2
0 0.013229554494332 0.63948479896279 0.980903712455748 0.995216904723633 # 2016 1
0 0.013229554494332 0.63948479896279 0.980903712455748 0.995216904723633 # 2016 2
0 0.01934711808823 0.642117623378604 0.980319192901867 0.995259976999736 # 2017 1
0 0.01934711808823 0.642117623378604 0.980319192901867 0.995259976999736 # 2017 2
0 0.014055304188931 0.595328157440879 0.97976362256577 0.99529801099368 # 2018 1
0 0.014055304188931 0.595328157440879 0.97976362256577 0.99529801099368 # 2018 2
0 0.0152815440619506 0.58068642434501 0.977497488587238 0.990737403519692 # 2019 1
0 0.0152815440619506 0.58068642434501 0.977497488587238 0.990737403519692 # 2019 2
0 0.0135916228639394 0.585367620385638 0.973327134086799 0.990940878285074 # 2020 1
0 0.0135916228639394 0.585367620385638 0.973327134086799 0.990940878285074 # 2020 2
0 0.0129719247521393 0.495442830129937 0.971567764236605 0.990162236640913 # 2021 1
0 0.0129719247521393 0.495442830129937 0.971567764236605 0.990162236640913 # 2021 2
0 0.0191406797212456 0.589863220315457 0.979747981734697 0.992895190174386 # 2022 1
0 0.0191406797212456 0.589863220315457 0.979747981734697 0.992895190174386 # 2022 2
0 0.0229936587648974 0.589277324421782 0.9721450221584 0.990982071895323 # 2023 1
0 0.0229936587648974 0.589277324421782 0.9721450221584 0.990982071895323 # 2023 2
0 0.0318426586629053 0.603726949103602 0.972341441106135 0.99062431797923 # 2024 1
0 0.0318426586629053 0.603726949103602 0.972341441106135 0.99062431797923 # 2024 2
0 0.0193036814711796 0.574060728116904 0.974437805318312 0.99105701641577 # 2024 1
0 0.0193036814711796 0.574060728116904 0.974437805318312 0.99105701641577 # 2024 2
